[gd_scene load_steps=10 format=3 uid="uid://bq60hxexkpcpi"]

[ext_resource type="Texture2D" uid="uid://b5ym1d2uysiu0" path="res://assets/textures/earthlike_planet_close.hdr" id="1_wjt7e"]
[ext_resource type="Script" uid="uid://dgb84lbkion2g" path="res://scripts/menus_ui/menu_camera.gd" id="2_jqed3"]
[ext_resource type="Script" uid="uid://cdh20w1m0r32q" path="res://scripts/menus_ui/3DMenuShip.gd" id="3_vjixd"]
[ext_resource type="PackedScene" uid="uid://clgsyftwivlyl" path="res://assets/Blender/Enterprise3D.glb" id="4_voq5a"]
[ext_resource type="AudioStream" uid="uid://303say1uvlnl" path="res://assets/audio/engine_ambience_loud.ogg" id="5_sixrc"]

[sub_resource type="PanoramaSkyMaterial" id="PanoramaSkyMaterial_jpd4v"]
panorama = ExtResource("1_wjt7e")

[sub_resource type="Sky" id="Sky_e0hhf"]
sky_material = SubResource("PanoramaSkyMaterial_jpd4v")

[sub_resource type="Environment" id="Environment_un3uy"]
background_mode = 2
sky = SubResource("Sky_e0hhf")
ambient_light_source = 2
ambient_light_color = Color(0.47788, 0.47788, 0.47788, 1)
ambient_light_energy = 0.0

[sub_resource type="Curve3D" id="Curve3D_t25wy"]
bake_interval = 0.1
_data = {
"points": PackedVector3Array(-111.28, 0, 11.835, 111.28, 0, -11.835, 1.716, 0, -2.617, -1343.48, 0, 80.5413, 1343.48, 0, -80.5413, 2974.72, 0, 4.985, -117.429, 0, 1093, 117.429, 0, -1093, 5757.85, 0, -1787.75, 739.192, 0, 602.54, -739.192, 0, -602.54, 4953.91, 0, -4253.77, 1025.32, 0, -1075.09, -1025.32, 0, 1075.09, 1248.27, 0, -4119.67, 614.096, 0, -57.8284, -614.096, 0, 57.8284, -1508.92, 0, -1902.44, 720.694, 0, 50.7126, -720.694, 0, -50.7126, -4136.64, 0, -2362.53, 225.629, 0, -2043.05, -225.629, 0, 2043.05, -6842.3, 0, -318.118, -1085.75, 0, 40.1301, 1085.75, 0, -40.1301, -4335.46, 0, 1865.97, -553.683, 0, 338.127, 553.683, 0, -338.127, -1592.24, 0, 387.586, -309.004, 0, 6.617, 309.004, -0.407898, -6.61698, 1.71564, 0, -2.61702),
"tilts": PackedFloat32Array(-0.1, -0.4, -0.3, -0.4, 0, 0.55, 0, -0.4, -0.3, -0.1, -0.1)
}
point_count = 11

[node name="Node3D" type="Node3D"]

[node name="WorldEnvironment" type="WorldEnvironment" parent="."]
environment = SubResource("Environment_un3uy")

[node name="DirectionalLight3D" type="DirectionalLight3D" parent="."]
transform = Transform3D(-6.43225e-09, -0.573576, 0.819152, 7.16125e-08, 0.819152, 0.573576, -1, 6.2351e-08, 3.58063e-08, 582.849, 4.89233, 354.265)
light_color = Color(0.85, 0.89, 1, 1)
light_energy = 0.6
directional_shadow_fade_start = 1.0
directional_shadow_max_distance = 8000.0
sky_mode = 1

[node name="Camera3D" type="Camera3D" parent="."]
unique_name_in_owner = true
transform = Transform3D(-0.880265, 0.0112513, -0.474348, 0.0521958, 0.995948, -0.0732383, 0.471602, -0.0892281, -0.877286, -91, -4, -343)
fov = 70.0
far = 20000.0
script = ExtResource("2_jqed3")

[node name="Path3D" type="Path3D" parent="."]
transform = Transform3D(0.2, 0, 0, 0, 0.2, 0, 0, 0, 0.2, 0, 0, 0)
curve = SubResource("Curve3D_t25wy")

[node name="PathFollow3D" type="PathFollow3D" parent="Path3D"]
transform = Transform3D(0.105228, -0.010558, -0.994384, 0.0998332, 0.995, -5.58789e-09, 0.989422, -0.0992731, 0.105756, 1.716, 0, -2.617)
script = ExtResource("3_vjixd")
path = 1

[node name="Ent_Kelvin" parent="Path3D/PathFollow3D" instance=ExtResource("4_voq5a")]
unique_name_in_owner = true
transform = Transform3D(-0.00523596, -0.013962, 0.999887, 0, 0.999904, 0.0139622, -0.999992, 7.31051e-05, -0.00523541, 4.61299, -0.462843, -12.1905)

[node name="engineSound" type="AudioStreamPlayer" parent="Path3D/PathFollow3D"]
unique_name_in_owner = true
stream = ExtResource("5_sixrc")
volume_db = -25.0
pitch_scale = 0.9
autoplay = true
